750,750
50
241,12
275,644
117,174
597,243
95,237
602,476
309,129
73,589
355,274
413,486
171,482
28,421
383,462
553,44
96,166
706,338
530,231
584,647
406,432
492,501
669,344
579,580
76,653
21,431
177,435
520,348
167,548
371,152
260,174
548,709
693,504
649,473
338,483
371,744
517,113
97,39
60,278
619,488
181,641
169,711
678,689
309,447
90,283
599,350
59,0
661,2
106,560
78,444
646,449
40,413
0 16512.597520 7 1 27 26 41 43 20 13 23 18 36 30 33 12 39 5 40 38 22 10 4 25 31 48 45 32 14 6 29 21 8 44 28 49 47 34 16 15 3 24 17 9 11 42 2 35 19 46 0 37 
100 14808.888503 40 39 38 22 46 24 45 16 6 17 11 23 49 21 9 19 10 42 18 47 43 0 28 3 5 41 34 20 32 4 14 2 44 7 35 36 8 1 13 48 37 25 33 31 30 15 29 26 12 27 
200 12020.069093 39 46 38 9 1 32 12 23 47 6 44 0 17 19 43 20 48 29 18 16 25 13 10 15 5 3 34 45 41 28 27 4 36 42 14 35 2 21 11 26 8 33 40 31 30 37 24 49 7 22 
300 10862.484489 46 39 38 7 1 33 24 23 10 41 49 42 17 12 32 9 48 29 21 15 25 19 37 20 16 43 34 45 0 35 44 4 36 6 14 28 47 27 2 26 5 18 40 31 30 3 13 8 11 22 
400 9809.445050 11 46 38 7 1 18 33 10 39 26 49 42 27 12 32 9 21 29 17 5 25 19 37 20 43 3 34 45 0 35 44 23 36 2 14 28 6 13 48 16 41 15 40 30 31 8 22 24 47 4 
500 10160.545213 26 46 38 7 33 39 22 10 36 23 49 42 1 9 19 12 21 15 45 5 25 32 29 20 43 3 34 17 0 35 44 27 4 2 14 28 6 13 8 16 41 30 40 31 48 37 18 24 47 11 
600 9985.084046 18 22 47 7 33 46 39 10 36 23 24 4 49 38 32 41 5 29 17 21 25 19 12 20 43 3 34 45 0 35 44 27 42 28 2 14 6 13 8 16 31 15 9 30 48 37 40 1 26 11 
700 8972.669059 22 46 38 39 26 33 1 10 36 23 49 42 24 9 32 25 40 29 17 21 5 19 45 20 43 15 13 8 0 27 44 35 4 14 2 28 6 34 37 16 41 12 48 30 31 3 18 7 47 11 
800 8534.672807 26 46 38 7 32 9 39 10 36 23 49 42 24 22 33 41 40 29 17 21 5 19 48 37 20 15 3 45 0 35 44 27 4 14 2 28 6 13 34 16 25 8 43 12 31 30 18 1 47 11 
900 8208.428488 9 38 39 7 26 32 47 10 36 23 49 42 24 22 33 21 40 29 17 19 5 20 37 48 43 15 3 45 0 35 44 28 4 14 2 27 6 13 34 25 41 8 16 30 31 12 18 1 46 11 
1000 7489.761247 22 46 38 7 26 1 39 10 42 49 23 36 24 9 33 21 40 29 17 19 5 30 37 20 25 15 43 34 0 35 44 6 4 14 2 28 27 13 45 16 3 8 18 48 31 12 41 32 47 11 
1100 7149.607159 22 46 38 7 39 1 26 10 36 49 23 42 24 47 33 29 40 21 17 19 5 30 37 20 43 15 3 34 0 35 44 28 4 14 2 6 27 13 45 16 25 8 18 48 31 12 41 32 9 11 
1200 7249.460019 22 46 38 7 26 1 39 47 36 49 23 42 32 9 33 21 40 29 17 19 5 30 37 20 43 15 3 45 0 35 44 6 4 2 14 28 27 13 34 16 25 8 18 48 31 12 41 24 10 11 
1300 6803.709326 38 26 22 46 7 1 39 10 36 42 23 49 32 9 33 21 40 29 17 31 48 30 37 43 20 15 3 45 0 35 44 6 4 14 2 28 27 13 34 16 25 8 18 5 19 12 41 24 47 11 
1400 6794.738270 22 46 38 7 26 1 39 10 36 42 23 49 32 9 33 21 40 29 17 31 48 30 37 43 20 15 3 45 0 35 44 6 4 14 2 28 27 13 34 16 25 8 18 5 19 12 41 24 47 11 
1500 6961.340828 38 7 22 10 26 1 39 46 23 49 36 42 41 9 33 21 29 40 17 31 48 30 20 43 15 37 3 45 0 35 44 6 4 14 2 28 27 13 34 16 25 8 18 5 19 12 32 24 47 11 
1600 6816.598746 38 7 22 46 26 1 39 49 36 42 23 10 32 5 33 21 40 29 17 31 48 30 37 20 15 43 3 45 0 35 44 6 4 14 2 28 27 13 34 16 25 8 18 9 19 12 41 24 47 11 
1700 6847.650247 38 1 22 46 7 26 39 10 36 42 49 23 32 31 33 29 40 21 17 30 48 5 37 43 20 15 3 45 0 35 44 6 4 14 2 28 27 13 34 16 25 8 18 9 19 12 41 24 47 11 
1800 6711.243570 1 38 22 46 26 7 39 10 36 42 49 23 32 37 33 17 40 29 21 5 48 31 30 20 15 43 3 45 0 35 44 6 4 14 2 28 27 13 34 16 25 8 18 9 19 12 41 24 47 11 
1900 6627.866805 1 38 22 46 7 26 39 10 36 42 49 23 32 30 33 29 40 21 17 5 48 31 37 20 15 43 3 45 0 35 44 2 4 14 6 28 27 13 34 16 25 8 18 9 19 12 41 24 47 11 
2000 6590.941427 1 38 22 46 7 26 39 10 36 42 47 23 32 37 33 29 40 21 17 5 48 31 30 20 15 43 3 45 0 35 44 2 4 14 6 28 27 13 34 16 25 8 18 9 19 12 41 24 49 11 
2100 6511.718844 1 38 22 46 7 39 26 10 36 42 49 23 32 30 33 17 29 40 21 5 48 37 31 20 15 43 3 45 0 35 44 2 4 14 6 28 27 13 34 16 25 8 18 9 19 12 41 24 47 11 
2200 6597.480431 1 38 22 46 7 26 39 10 36 42 49 23 32 30 33 17 40 29 21 5 48 31 37 20 15 43 3 34 0 35 44 2 4 14 6 28 27 13 45 16 25 8 18 9 19 12 41 24 47 11 
2300 6535.668741 1 38 22 46 7 39 26 10 36 42 49 23 32 30 33 17 40 29 21 31 48 5 37 20 15 43 3 45 0 35 44 2 4 14 6 28 27 13 34 16 25 8 18 9 19 12 41 24 47 11 
2400 6317.484196 1 38 22 46 7 39 26 10 36 42 23 11 32 29 33 17 40 30 21 5 48 37 31 20 15 43 3 45 0 35 44 2 4 14 6 28 27 13 34 16 25 8 18 9 19 12 41 24 47 49 
2500 6229.486165 1 38 22 46 7 39 26 10 36 42 11 23 32 33 29 17 40 30 21 5 31 37 48 20 15 43 3 45 0 35 44 2 4 14 6 28 27 16 34 13 25 8 18 9 19 12 41 24 47 49 
2600 6201.757159 22 38 1 46 7 39 26 10 36 42 49 23 32 33 29 17 40 30 21 5 48 37 31 20 15 43 3 45 0 35 44 2 4 14 6 28 27 13 34 16 25 8 18 9 19 12 41 24 47 11 
2700 6057.707242 22 38 1 39 7 46 26 24 36 42 49 23 19 33 29 17 40 30 21 5 31 37 48 20 15 43 3 45 0 35 44 2 4 14 6 28 27 13 34 16 25 8 18 9 12 32 41 10 47 11 
2800 6127.310151 22 38 1 46 7 39 26 24 36 42 11 23 32 33 29 17 40 30 21 5 31 37 48 20 15 43 3 45 0 35 44 2 4 14 28 6 27 13 34 16 8 25 18 9 19 12 41 10 47 49 
2900 6081.278693 22 38 1 39 7 46 26 10 36 42 49 23 12 33 29 17 40 30 21 5 31 37 48 20 15 43 3 45 0 35 44 2 4 14 6 28 27 13 34 16 25 8 18 9 19 32 41 24 47 11 
3000 6061.078282 22 38 1 39 7 46 26 10 42 36 49 23 12 33 29 17 40 30 21 5 31 37 48 20 15 43 3 45 0 35 44 2 4 14 6 28 27 13 34 16 25 8 18 9 19 32 41 24 47 11 
3100 6048.365915 22 38 1 39 7 46 26 10 36 42 49 23 32 33 29 17 40 30 21 5 31 37 48 20 15 43 3 45 0 35 44 2 4 14 6 28 27 13 34 16 8 25 18 9 19 12 41 24 47 11 
3200 5944.679154 1 38 22 39 7 46 26 10 36 42 49 23 32 33 29 17 40 30 21 5 37 31 48 20 15 43 3 45 0 35 44 2 4 14 6 28 27 13 34 16 25 8 18 9 19 12 41 24 47 11 
3300 5944.679154 1 38 22 39 7 46 26 10 36 42 49 23 32 33 29 17 40 30 21 5 37 31 48 20 15 43 3 45 0 35 44 2 4 14 6 28 27 13 34 16 25 8 18 9 19 12 41 24 47 11 
3400 5991.559968 22 38 39 1 7 46 26 10 36 42 49 23 32 33 29 17 40 30 21 5 37 31 48 20 15 43 3 45 0 35 44 2 4 14 6 28 27 13 34 16 25 8 18 9 19 12 41 24 47 11 
3500 5944.679154 1 38 22 39 7 46 26 10 36 42 49 23 32 33 29 17 40 30 21 5 37 31 48 20 15 43 3 45 0 35 44 2 4 14 6 28 27 13 34 16 25 8 18 9 19 12 41 24 47 11 
3600 6082.620877 1 38 22 39 7 46 26 10 36 42 49 24 9 33 29 17 21 40 30 5 37 31 48 20 15 43 3 45 0 35 44 2 4 14 6 28 27 13 34 16 25 8 18 12 19 32 41 23 47 11 
3700 5905.114650 1 38 22 39 7 46 26 10 36 42 49 47 32 33 29 17 21 40 30 5 37 31 48 20 15 43 3 45 0 35 44 2 4 14 6 28 27 13 34 16 25 8 18 12 19 9 41 24 23 11 
3800 5965.442816 1 38 22 39 7 46 47 23 42 36 11 26 32 33 29 40 17 21 30 5 37 31 48 43 15 20 3 45 0 35 44 2 4 14 6 28 27 13 34 16 25 8 18 12 19 9 41 24 10 49 
3900 5943.769234 1 38 22 39 7 46 26 23 42 36 49 47 32 33 29 17 40 21 30 5 37 31 48 20 15 43 3 45 0 35 44 14 4 2 6 28 27 13 34 16 25 8 18 12 19 9 41 24 10 11 
4000 6038.179261 1 38 39 22 7 46 26 10 42 36 11 24 32 33 29 17 40 21 30 5 37 31 48 20 15 43 3 45 6 35 14 2 4 44 0 28 27 13 34 16 25 8 18 12 19 9 41 23 47 49 
4100 6000.027671 1 38 39 22 7 46 26 11 42 36 10 24 32 33 29 17 40 21 30 5 37 31 48 20 15 43 3 45 28 35 44 2 4 14 0 6 27 13 34 16 25 8 18 12 9 19 41 23 47 49 
4200 5842.204814 1 38 39 22 7 46 26 10 42 36 49 24 32 33 29 17 40 21 30 5 37 31 48 20 15 43 3 45 0 35 44 2 4 14 6 28 27 13 34 16 25 8 18 12 19 9 41 23 47 11 
4300 5762.338286 1 38 39 22 7 46 26 11 42 36 10 24 32 33 29 17 40 21 5 37 30 31 48 20 15 43 3 45 0 35 44 2 4 14 28 6 27 34 13 16 25 8 18 12 19 9 41 49 47 23 
4400 5786.695916 1 38 39 22 7 46 26 11 42 36 10 24 41 33 29 17 40 21 30 5 37 31 48 20 15 43 3 45 0 35 44 2 4 14 28 6 27 13 34 16 25 8 18 12 19 9 32 49 47 23 
4500 5735.136971 1 38 39 22 7 46 11 23 42 36 10 24 41 33 29 17 40 21 5 37 30 31 48 15 20 43 3 27 0 35 44 4 2 14 28 6 45 13 34 16 25 8 18 12 19 9 32 49 47 26 
4600 5692.815711 1 38 39 22 7 46 11 23 42 36 10 24 32 33 29 17 40 21 5 37 30 31 48 20 15 43 3 27 0 35 44 14 2 4 28 6 45 13 34 16 25 8 18 12 19 9 41 49 47 26 
4700 5784.967853 1 38 39 22 7 46 11 23 42 36 10 24 32 33 29 17 40 21 30 37 5 31 48 20 15 43 16 27 0 35 44 4 2 14 28 6 45 13 34 3 25 8 18 12 19 9 41 49 47 26 
4800 5574.229626 1 38 39 22 7 46 11 23 42 36 24 10 32 33 29 17 40 21 5 37 30 31 48 20 15 43 25 27 0 35 44 4 2 14 28 6 45 13 34 3 16 8 18 12 19 9 41 26 47 49 
4900 5634.073722 1 38 39 22 7 46 11 23 42 36 10 24 32 33 29 40 17 21 30 37 5 31 48 20 15 3 16 6 0 35 44 14 2 4 28 27 45 13 34 43 25 8 18 12 19 9 41 26 47 49 
5000 5566.556426 1 38 39 22 7 46 11 23 42 36 10 24 32 33 29 17 40 21 30 37 5 31 48 20 15 43 25 27 0 35 44 4 2 14 28 6 34 13 45 3 16 8 18 12 19 9 41 26 47 49 
5100 5651.821476 1 38 39 22 7 46 11 23 42 36 47 24 32 33 29 17 40 21 30 5 37 31 48 20 15 43 16 27 0 35 44 14 2 4 28 6 45 13 34 3 25 8 18 12 19 9 41 26 10 49 
5200 5792.304139 1 38 39 22 7 46 11 23 42 36 10 24 32 33 29 17 40 21 30 37 5 31 48 20 15 43 16 27 0 35 44 4 2 14 28 6 45 13 34 3 25 8 18 41 12 19 9 26 47 49 
5300 5872.987373 39 1 38 22 7 46 49 23 42 36 10 24 32 19 29 17 40 21 30 5 37 31 48 20 15 43 16 27 0 35 44 14 2 4 28 6 45 13 34 3 25 8 18 41 12 9 33 26 47 11 
5400 5865.701645 39 38 1 22 7 46 11 23 42 36 10 24 32 19 29 17 40 21 30 5 37 31 48 20 15 43 16 27 0 35 44 14 2 4 28 6 45 13 34 3 25 8 41 18 12 9 33 26 47 49 
5500 5859.764914 39 38 1 22 7 46 11 23 42 36 10 24 33 19 29 17 40 21 30 5 37 31 48 20 15 43 16 27 0 35 44 14 4 2 28 6 45 13 34 3 25 8 18 9 12 41 32 26 47 49 
5600 5870.525708 39 38 1 22 7 46 11 23 42 36 10 24 32 33 29 17 40 21 30 37 5 31 48 20 15 43 16 27 0 35 44 14 4 2 28 6 13 45 34 3 25 8 18 19 12 41 9 26 47 49 
5700 5761.609399 39 38 1 22 7 46 23 11 36 42 10 24 26 33 29 17 21 40 30 37 5 31 48 20 15 43 16 27 0 44 35 14 4 2 28 6 45 13 34 3 25 8 18 19 12 41 9 32 47 49 
5800 5700.290795 39 38 1 22 7 46 23 11 42 36 24 10 26 33 29 17 40 21 30 5 37 31 48 20 15 43 16 27 0 35 44 14 4 2 28 6 45 13 34 3 25 8 18 19 12 41 9 32 47 49 
5900 5636.479912 39 1 38 22 7 46 23 11 42 36 24 10 26 33 29 17 40 21 31 5 37 30 48 20 15 43 16 27 0 35 44 14 4 2 28 6 45 13 34 3 25 8 18 19 12 32 9 41 47 49 
6000 5599.537155 39 38 1 22 7 46 23 11 42 36 24 10 26 33 29 17 40 21 31 5 37 30 48 20 15 43 16 27 0 35 44 14 4 2 28 6 45 13 34 3 25 8 18 19 12 9 32 41 47 49 
6100 5599.537155 39 38 1 22 7 46 23 11 42 36 24 10 26 33 29 17 40 21 31 5 37 30 48 20 15 43 16 27 0 35 44 14 4 2 28 6 45 13 34 3 25 8 18 19 12 9 32 41 47 49 
6200 5692.451961 39 38 1 22 7 46 23 11 42 36 24 10 26 33 29 17 40 21 37 5 31 30 48 20 15 8 16 27 0 35 44 14 4 2 28 6 45 13 34 3 43 25 18 19 12 9 32 41 47 49 
6300 5410.588031 1 38 39 22 7 46 23 11 42 36 24 10 26 33 29 17 40 21 31 5 37 30 48 20 15 43 16 27 0 35 44 14 4 2 28 6 34 13 45 3 25 8 18 12 19 9 32 41 47 49 
6400 5389.536661 39 38 26 22 7 46 23 11 42 36 24 10 1 33 29 17 40 21 31 5 37 30 48 20 15 16 8 27 0 35 44 14 4 2 28 6 34 13 45 3 43 25 18 19 12 9 32 41 47 49 
6500 5320.632386 39 38 26 22 7 46 23 11 42 36 24 10 1 33 29 17 40 21 31 5 37 30 48 15 20 16 8 27 0 35 44 14 4 2 28 6 34 13 45 3 43 25 18 19 9 12 32 41 47 49 
6600 5233.690910 39 38 26 22 7 46 23 11 42 36 24 10 1 33 29 17 40 21 37 5 31 30 48 15 20 16 8 6 0 35 44 14 4 2 28 27 34 13 45 3 43 25 18 19 9 12 32 41 47 49 
6700 5342.696615 39 38 26 46 7 22 23 11 42 36 24 10 1 33 29 17 40 21 30 5 31 37 48 20 15 16 8 27 0 35 44 14 4 2 28 6 34 13 45 3 43 25 18 19 9 12 32 41 47 49 
6800 5276.798506 39 38 26 46 7 22 23 11 42 36 24 10 1 33 29 17 40 21 37 5 31 30 48 20 15 16 8 27 0 35 44 14 4 2 28 6 34 13 45 3 43 25 18 19 9 12 32 41 47 49 
6900 5276.798506 39 38 26 46 7 22 23 11 42 36 24 10 1 33 29 17 40 21 37 5 31 30 48 20 15 16 8 27 0 35 44 14 4 2 28 6 34 13 45 3 43 25 18 19 9 12 32 41 47 49 
7000 5239.073912 39 38 26 46 7 22 23 11 42 36 24 10 1 33 29 17 40 21 5 37 31 30 48 20 15 16 8 27 0 44 35 14 4 2 28 6 34 13 45 3 43 25 19 9 12 18 32 41 47 49 
7100 5234.499364 39 38 26 22 7 46 49 11 36 42 24 10 1 33 29 17 40 21 5 37 31 30 48 20 15 16 8 27 0 44 35 14 4 2 28 6 34 13 45 3 43 25 19 9 12 18 32 41 47 23 
7200 5204.171578 39 38 26 22 7 46 49 11 36 42 24 10 1 33 29 17 40 21 5 37 31 30 48 20 15 16 8 6 0 35 44 14 4 2 28 27 34 13 45 3 43 25 19 9 12 18 32 41 47 23 
7300 5223.394294 39 38 26 22 7 46 23 11 36 42 24 10 1 33 29 17 40 21 5 37 31 30 48 20 15 16 8 27 0 35 44 14 4 2 28 6 34 13 45 3 43 25 19 9 12 18 32 41 47 49 
7400 5284.534747 39 38 26 22 7 46 23 11 36 42 24 10 1 33 29 17 40 21 5 37 31 30 48 20 15 16 8 27 0 35 44 2 14 4 28 6 34 45 13 3 43 25 19 9 12 18 32 41 47 49 
7500 5217.403631 39 38 26 22 7 46 23 11 36 42 24 10 1 33 29 17 40 21 5 37 30 31 48 20 15 16 8 27 0 35 44 14 4 2 28 6 34 13 45 3 43 25 19 9 12 18 32 41 47 49 
7600 5177.735152 39 38 26 22 7 46 23 11 36 42 24 10 1 33 29 17 40 21 5 37 31 30 48 15 20 16 8 6 0 35 44 14 4 2 28 27 34 13 45 3 43 25 19 9 12 18 32 41 47 49 
7700 5215.891717 39 38 26 22 7 46 23 11 36 42 24 10 1 33 29 40 17 21 5 37 31 30 48 20 15 16 8 27 0 44 35 14 4 2 28 6 34 13 45 3 43 25 19 18 12 9 32 41 47 49 
7800 5213.957089 39 38 26 22 7 46 23 11 36 42 47 10 1 33 29 40 17 21 5 37 30 31 48 20 15 43 8 6 0 35 44 14 4 2 28 27 34 13 45 16 3 25 19 18 12 9 32 41 24 49 
7900 5213.504270 39 38 26 46 7 22 23 11 36 42 24 10 1 33 29 40 17 21 5 37 30 31 48 20 15 16 8 6 0 44 35 4 2 14 28 27 34 13 45 3 43 25 19 18 12 9 32 41 47 49 
8000 5207.686744 39 38 26 46 7 22 23 49 36 42 24 10 1 33 29 40 17 21 5 37 30 31 48 20 15 16 8 28 0 35 44 14 4 2 6 27 34 13 45 3 43 25 19 18 12 9 32 41 47 11 
8100 5223.402527 39 38 26 46 7 22 23 49 36 42 24 10 1 33 29 40 17 21 5 37 30 31 48 20 15 16 8 6 0 44 35 4 2 14 28 27 34 13 45 3 43 25 19 18 12 9 32 41 47 11 
8200 5230.222733 39 38 26 46 7 22 23 11 36 42 49 10 1 33 29 40 17 21 5 37 30 31 48 20 15 16 8 6 0 44 35 4 2 14 28 27 34 13 45 3 43 25 19 18 12 9 32 41 24 47 
8300 5236.626693 39 38 26 46 7 22 23 49 36 42 11 10 1 33 29 40 17 21 5 37 31 30 48 20 15 16 8 28 0 44 35 14 4 2 6 27 34 13 45 3 43 25 19 18 12 9 32 41 24 47 
8400 5256.673315 39 38 26 46 7 22 23 49 36 42 11 10 1 33 29 40 17 21 5 31 30 37 48 20 15 43 8 28 0 44 35 14 4 2 6 27 34 13 45 3 16 25 19 18 12 9 32 41 24 47 
8500 5186.628273 39 38 26 46 7 22 23 42 36 49 11 10 1 33 29 40 17 21 5 37 30 31 48 20 15 43 8 6 0 44 35 14 4 2 28 27 34 13 45 3 16 25 19 18 12 9 32 41 24 47 
8600 5242.108353 39 38 26 46 7 22 23 42 36 49 11 10 1 33 29 40 17 21 5 30 31 37 48 20 15 43 8 6 0 44 35 14 4 2 28 27 34 13 45 3 16 25 19 18 12 9 32 41 24 47 
8700 5177.870515 39 38 26 46 7 22 23 42 36 49 11 47 1 33 29 40 17 21 5 30 31 37 48 20 15 43 8 6 0 44 35 14 4 2 28 27 34 13 45 3 16 25 19 18 12 9 32 41 24 10 
8800 5177.870515 39 38 26 46 7 22 23 42 36 49 11 47 1 33 29 40 17 21 5 30 31 37 48 20 15 43 8 6 0 44 35 14 4 2 28 27 34 13 45 3 16 25 19 18 12 9 32 41 24 10 
8900 5135.697336 39 38 26 46 7 22 23 42 36 49 11 47 1 33 29 40 17 21 37 5 30 31 48 20 15 43 8 6 0 44 35 14 4 2 28 27 34 13 45 3 16 25 19 18 12 9 32 41 24 10 
9000 5122.390435 39 38 26 46 7 22 23 42 36 49 11 47 1 33 29 40 17 21 5 37 30 31 48 20 15 43 8 6 0 44 35 14 4 2 28 27 34 13 45 3 16 25 19 18 12 9 32 41 24 10 
9100 5152.017502 39 38 26 46 7 22 23 42 36 49 11 47 1 33 29 40 17 21 5 31 30 37 48 20 15 43 8 6 0 44 35 14 4 2 28 27 34 13 45 3 16 25 19 9 12 18 32 41 24 10 
9200 5147.521540 39 38 26 46 7 22 23 42 36 49 11 47 1 33 29 40 17 21 30 31 5 37 48 20 15 43 8 6 0 44 35 14 4 2 28 27 34 13 45 3 16 25 19 18 12 9 32 41 24 10 
9300 5268.872582 39 38 26 46 7 22 23 42 36 49 47 10 1 33 29 40 17 21 30 31 5 37 48 20 15 43 8 6 0 44 35 14 4 2 28 27 34 13 45 16 3 25 19 18 12 9 32 41 24 11 
9400 5195.216760 39 38 26 46 7 22 47 42 36 49 23 11 1 33 29 40 17 21 5 31 30 37 48 15 20 43 8 6 0 44 35 14 2 4 28 27 45 13 34 16 3 25 19 18 12 9 32 41 24 10 
9500 5283.548892 39 38 26 46 7 11 23 42 36 49 47 22 1 33 29 17 40 21 37 48 30 5 31 15 20 43 8 6 0 44 35 14 4 2 28 27 45 13 34 16 3 25 19 18 12 9 32 41 24 10 
9600 5295.996227 22 38 26 46 7 11 23 42 36 49 47 39 1 33 29 40 17 21 5 48 30 37 31 20 15 43 8 6 0 44 35 14 4 2 28 27 45 13 34 16 3 25 19 18 12 9 32 41 24 10 
9700 5260.736220 39 38 26 46 7 11 23 42 36 49 47 22 1 33 29 40 17 21 31 48 30 37 5 20 15 43 8 6 0 44 35 14 4 2 28 27 45 13 34 16 3 25 19 18 12 9 32 41 24 10 
9800 5262.065933 39 38 26 46 7 11 23 42 36 49 47 22 1 33 29 40 17 21 5 48 30 37 31 20 15 43 8 6 0 44 35 14 4 2 28 27 45 13 34 16 3 25 19 18 12 9 32 41 24 10 
9900 5196.390285 39 38 46 22 7 11 23 42 36 49 47 26 1 33 29 40 17 21 5 48 30 37 31 20 15 43 8 6 0 44 35 14 4 2 28 27 13 45 34 16 3 25 19 18 12 9 32 41 24 10 
